20080101
20090101
20100101
20120101
20130101
20140101
20150101
20160101
20170101
20180101
20190101
20200101
20080201
20090201
20100201
20110201
20120201
20130201
20150201
20160201
20170201
20180201
20190201
20090301
20100301
20110301
20120301
20130301
20150301
20160301
20170301
20180301
20190301
20090401
20100401
20110401
20120401
20130401
20140401
20150401
20160401
20180401
20190401
20200401
20080501
20090501
20110501
20120501
20130501
20140501
20150501
20160501
20170501
20180501
20190501
20200501
20080601
20090601
20100601
20110601
20120601
20140601
20150601
20160601
20170601
20180601
20080701
20090701
20100701
20110701
20120701
20130701
20140701
20150701
20160701
20190701
20200701
20070801
20080801
20100801
20110801
20120801
20130801
20140801
20160801
20170801
20190801
20080901
20090901
20100901
20110901
20130901
20140901
20150901
20160901
20170901
20190901
20200901
20071001
20081001
20091001
20101001
20121001
20131001
20141001
20151001
20171001
20191001
20071101
20091101
20101101
20111101
20121101
20131101
20151101
20161101
20171101
20191101
20081201
20091201
20101201
20111201
20131201
20141201
20151201
20161201
20171201
20191201
20201201
20080102
20090102
20110102
20120102
20130102
20140102
20150102
20170102
20180102
20190102
20200102
20090202
20100202
20110202
20120202
20140202
20150202
20160202
20170202
20180202
20200202
20210202
20080302
20090302
20100302
20110302
20120302
20140302
20150302
20160302
20170302
20180302
20210302
20090402
20100402
20120402
20130402
20140402
20150402
20170402
20180402
20190402
20080502
20100502
20110502
20120502
20130502
20140502
20160502
20170502
20180502
20190502
20080602
20090602
20100602
20110602
20130602
20140602
20150602
20160602
20170602
20190602
20200602
20080702
20090702
20100702
20120702
20130702
20140702
20150702
20170702
20190702
20070802
20090802
20100802
20110802
20120802
20130802
20150802
20160802
20170802
20190802
20070902
20080902
20090902
20100902
20110902
20120902
20130902
20140902
20150902
20160902
20190902
20200902
20071002
20081002
20091002
20111002
20121002
20131002
20141002
20151002
20161002
20171002
20191002
20071102
20081102
20091102
20101102
20111102
20121102
20141102
20151102
20161102
20171102
20071202
20081202
20091202
20101202
20111202
20121202
20131202
20141202
20151202
20161202
20181202
20191202
20201202
20080103
20100103
20110103
20120103
20130103
20140103
20160103
20170103
20180103
20190103
20200103
20080203
20090203
20100203
20110203
20120203
20130203
20140203
20150203
20160203
20170203
20190203
20200203
20210203
20080303
20090303
20100303
20110303
20130303
20140303
20150303
20160303
20170303
20190303
20200303
20210303
20080403
20090403
20110403
20120403
20130403
20140403
20150403
20160403
20170403
20180403
20190403
20090503
20100503
20110503
20120503
20130503
20150503
20160503
20170503
20180503
20190503
20080603
20090603
20100603
20110603
20120603
20130603
20140603
20150603
20160603
20180603
20190603
20200603
20080703
20090703
20110703
20120703
20130703
20140703
20150703
20160703
20170703
20190703
20070803
20080803
20090803
20100803
20110803
20120803
20140803
20150803
20160803
20170803
20070903
20080903
20090903
20100903
20120903
20130903
20140903
20150903
20170903
20190903
20071003
20081003
20101003
20111003
20121003
20131003
20141003
20161003
20171003
20081103
20091103
20101103
20111103
20131103
20141103
20151103
20161103
20171103
20191103
20201103
20071203
20081203
20091203
20101203
20121203
20131203
20141203
20151203
20171203
20181203
20191203
20080104
20090104
20100104
20110104
20120104
20130104
20150104
20160104
20170104
20180104
20190104
20080204
20090204
20100204
20110204
20130204
20140204
20150204
20160204
20180204
20190204
20200204
20080304
20090304
20100304
20110304
20120304
20130304
20140304
20150304
20160304
20180304
20190304
20200304
20080404
20100404
20110404
20120404
20130404
20140404
20160404
20170404
20180404
20190404
20080504
20090504
20100504
20110504
20120504
20140504
20150504
20160504
20170504
20180504
20080604
20090604
20100604
20120604
20130604
20140604
20150604
20170604
20180604
20190604
20080704
20100704
20110704
20120704
20130704
20140704
20160704
20170704
20190704
20080804
20090804
20100804
20110804
20130804
20140804
20150804
20160804
20170804
20190804
20200804
20070904
20080904
20090904
20110904
20120904
20130904
20140904
20150904
20160904
20170904
20190904
20071004
20091004
20101004
20111004
20121004
20131004
20151004
20161004
20171004
20071104
20081104
20091104
20101104
20111104
20121104
20131104
20141104
20151104
20161104
20191104
20201104
20071204
20081204
20091204
20111204
20121204
20131204
20141204
20151204
20161204
20171204
20181204
20191204
20090105
20100105
20110105
20120105
20140105
20150105
20160105
20170105
20180105
20200105
20210105
20080205
20090205
20100205
20120205
20130205
20140205
20150205
20160205
20170205
20180205
20190205
20200205
20080305
20090305
20100305
20120305
20130305
20140305
20150305
20170305
20180305
20190305
20090405
20100405
20110405
20120405
20130405
20150405
20160405
20170405
20180405
20190405
20080505
20090505
20100505
20110505
20130505
20140505
20150505
20160505
20170505
20190505
20080605
20090605
20110605
20120605
20130605
20140605
20150605
20160605
20170605
20180605
20190605
20090705
20100705
20110705
20120705
20130705
20150705
20160705
20170705
20190705
20070805
20080805
20090805
20100805
20110805
20120805
20130805
20140805
20150805
20160805
20190805
20200805
20070905
20080905
20100905
20110905
20120905
20130905
20140905
20160905
20170905
20190905
20071005
20081005
20091005
20101005
20111005
20121005
20141005
20151005
20161005
20171005
20071105
20081105
20091105
20101105
20121105
20131105
20141105
20151105
20171105
20191105
20071205
20081205
20101205
20111205
20121205
20131205
20141205
20161205
20171205
20181205
20191205
20080106
20090106
20100106
20110106
20120106
20130106
20140106
20150106
20160106
20170106
20190106
20200106
20210106
20080206
20090206
20110206
20120206
20130206
20140206
20150206
20170206
20180206
20190206
20080306
20090306
20110306
20120306
20130306
20140306
20150306
20160306
20170306
20180306
20190306
20080406
20090406
20100406
20110406
20120406
20140406
20150406
20160406
20170406
20180406
20080506
20090506
20100506
20110506
20120506
20130506
20140506
20150506
20160506
20180506
20190506
20080606
20100606
20110606
20120606
20130606
20140606
20160606
20170606
20180606
20190606
20080706
20090706
20100706
20110706
20120706
20140706
20150706
20160706
20170706
20070806
20080806
20090806
20100806
20120806
20130806
20140806
20150806
20170806
20190806
20070906
20090906
20100906
20110906
20120906
20130906
20150906
20160906
20170906
20190906
20081006
20091006
20101006
20111006
20131006
20141006
20151006
20161006
20171006
20191006
20201006
20071106
20081106
20091106
20111106
20121106
20131106
20141106
20151106
20161106
20171106
20191106
20071206
20091206
20101206
20111206
20121206
20131206
20151206
20161206
20171206
20181206
20191206
20080107
20090107
20100107
20110107
20130107
20140107
20150107
20160107
20180107
20190107
20200107
20080207
20100207
20110207
20120207
20130207
20140207
20160207
20170207
20180207
20190207
20080307
20100307
20110307
20120307
20130307
20140307
20160307
20170307
20180307
20190307
20080407
20090407
20100407
20110407
20130407
20140407
20150407
20160407
20170407
20190407
20200407
20080507
20090507
20100507
20120507
20130507
20140507
20150507
20170507
20180507
20190507
20090607
20100607
20110607
20120607
20130607
20150607
20160607
20170607
20180607
20190607
20080707
20090707
20100707
20110707
20130707
20140707
20150707
20160707
20170707
20190707
20200707
20070807
20080807
20090807
20110807
20120807
20130807
20140807
20150807
20160807
20170807
20190807
20070907
20080907
20090907
20100907
20110907
20120907
20140907
20150907
20160907
20170907
20071007
20081007
20091007
20101007
20111007
20121007
20131007
20141007
20151007
20161007
20191007
20201007
20071107
20081107
20101107
20111107
20121107
20131107
20141107
20161107
20171107
20191107
20071207
20081207
20091207
20101207
20111207
20121207
20141207
20151207
20161207
20171207
20181207
20080108
20090108
20100108
20120108
20130108
20140108
20150108
20160108
20170108
20180108
20190108
20200108
20080208
20090208
20100208
20110208
20120208
20130208
20150208
20160208
20170208
20180208
20190208
20090308
20100308
20110308
20120308
20130308
20150308
20160308
20170308
20180308
20190308
20080408
20090408
20100408
20110408
20120408
20130408
20140408
20150408
20160408
20180408
20190408
20200408
20080508
20090508
20110508
20120508
20130508
20140508
20150508
20160508
20170508
20180508
20190508
20200508
20080608
20090608
20100608
20110608
20120608
20140608
20150608
20160608
20170608
20180608
20080708
20090708
20100708
20110708
20120708
20130708
20140708
20150708
20160708
20190708
20200708
20070808
20080808
20100808
20110808
20120808
20130808
20140808
20160808
20170808
20190808
20080908
20090908
20100908
20110908
20130908
20140908
20150908
20160908
20170908
20190908
20200908
20071008
20081008
20091008
20101008
20121008
20131008
20141008
20151008
20171008
20191008
20071108
20091108
20101108
20111108
20121108
20131108
20151108
20161108
20171108
20191108
20081208
20091208
20101208
20111208
20131208
20141208
20151208
20161208
20171208
20191208
20201208
20080109
20090109
20110109
20120109
20130109
20140109
20150109
20170109
20180109
20190109
20200109
20090209
20100209
20110209
20120209
20140209
20150209
20160209
20170209
20180209
20200209
20210209
20080309
20090309
20100309
20110309
20120309
20140309
20150309
20160309
20170309
20180309
20210309
20080409
20090409
20100409
20120409
20130409
20140409
20150409
20170409
20180409
20190409
20080509
20100509
20110509
20120509
20130509
20140509
20160509
20170509
20180509
20190509
20200509
20080609
20090609
20100609
20110609
20130609
20140609
20150609
20160609
20170609
20190609
20200609
20080709
20090709
20100709
20120709
20130709
20140709
20150709
20170709
20190709
20070809
20090809
20100809
20110809
20120809
20130809
20150809
20160809
20170809
20190809
20070909
20080909
20090909
20100909
20110909
20120909
20130909
20140909
20150909
20160909
20190909
20200909
20071009
20081009
20091009
20111009
20121009
20131009
20141009
20151009
20161009
20171009
20191009
20071109
20081109
20091109
20101109
20111109
20121109
20141109
20151109
20161109
20171109
20071209
20081209
20091209
20101209
20111209
20121209
20131209
20141209
20151209
20161209
20181209
20191209
20201209
20080110
20100110
20110110
20120110
20130110
20140110
20160110
20170110
20180110
20190110
20200110
20080210
20090210
20100210
20110210
20120210
20130210
20140210
20150210
20160210
20170210
20190210
20200210
20210210
20080310
20090310
20100310
20110310
20130310
20140310
20150310
20160310
20170310
20190310
20210310
20080410
20090410
20110410
20120410
20130410
20140410
20150410
20160410
20170410
20180410
20190410
20090510
20100510
20110510
20120510
20130510
20150510
20160510
20170510
20180510
20190510
20080610
20090610
20100610
20110610
20120610
20130610
20140610
20150610
20160610
20190610
20200610
20080710
20090710
20110710
20120710
20130710
20140710
20150710
20160710
20170710
20190710
20070810
20080810
20090810
20100810
20110810
20120810
20140810
20150810
20160810
20170810
20070910
20080910
20090910
20100910
20120910
20130910
20140910
20150910
20170910
20190910
20071010
20081010
20101010
20111010
20121010
20131010
20141010
20161010
20171010
20191010
20081110
20091110
20101110
20111110
20131110
20141110
20151110
20161110
20171110
20191110
20201110
20071210
20081210
20091210
20101210
20121210
20131210
20141210
20151210
20171210
20181210
20191210
20080111
20090111
20100111
20110111
20120111
20130111
20150111
20160111
20170111
20180111
20190111
20080211
20090211
20100211
20110211
20130211
20140211
20150211
20160211
20180211
20190211
20080311
20090311
20100311
20110311
20120311
20130311
20140311
20150311
20160311
20180311
20190311
20200311
20080411
20100411
20110411
20120411
20130411
20140411
20160411
20170411
20180411
20190411
20080511
20090511
20100511
20110511
20120511
20140511
20150511
20160511
20170511
20180511
20080611
20090611
20100611
20120611
20130611
20140611
20150611
20170611
20190611
20080711
20100711
20110711
20120711
20130711
20140711
20160711
20170711
20190711
20080811
20090811
20100811
20110811
20130811
20140811
20150811
20160811
20170811
20190811
20200811
20070911
20080911
20090911
20110911
20120911
20130911
20140911
20150911
20160911
20170911
20190911
20071011
20091011
20101011
20111011
20121011
20131011
20151011
20161011
20171011
20191011
20071111
20081111
20091111
20101111
20111111
20121111
20131111
20141111
20151111
20161111
20191111
20201111
20071211
20081211
20091211
20111211
20121211
20131211
20141211
20151211
20161211
20171211
20181211
20191211
20090112
20100112
20110112
20120112
20140112
20150112
20160112
20170112
20180112
20200112
20210112
20080212
20090212
20100212
20120212
20130212
20140212
20150212
20160212
20170212
20180212
20190212
20080312
20090312
20100312
20120312
20130312
20140312
20150312
20170312
20180312
20190312
20200312
20090412
20100412
20110412
20120412
20130412
20150412
20160412
20170412
20180412
20190412
20080512
20090512
20100512
20110512
20130512
20140512
20150512
20160512
20170512
20190512
20200512
20080612
20090612
20110612
20120612
20130612
20140612
20150612
20160612
20170612
20190612
20090712
20100712
20110712
20120712
20130712
20150712
20160712
20170712
20190712
20070812
20080812
20090812
20100812
20110812
20120812
20130812
20140812
20150812
20160812
20190812
20200812
20070912
20080912
20100912
20110912
20120912
20130912
20140912
20160912
20170912
20190912
20071012
20081012
20091012
20101012
20111012
20121012
20141012
20151012
20161012
20171012
20071112
20081112
20091112
20101112
20121112
20131112
20141112
20151112
20171112
20191112
20071212
20081212
20101212
20111212
20121212
20131212
20141212
20161212
20171212
20181212
20191212
20080113
20090113
20100113
20110113
20120113
20130113
20140113
20150113
20160113
20170113
20190113
20200113
20210113
20080213
20090213
20110213
20120213
20130213
20140213
20150213
20170213
20180213
20190213
20200213
20080313
20090313
20110313
20120313
20130313
20140313
20150313
20160313
20170313
20180313
20190313
20080413
20090413
20100413
20110413
20120413
20140413
20150413
20160413
20170413
20180413
20080513
20090513
20100513
20110513
20120513
20130513
20140513
20150513
20160513
20180513
20190513
20200513
20080613
20100613
20110613
20120613
20130613
20140613
20160613
20170613
20190613
20080713
20090713
20100713
20110713
20120713
20140713
20150713
20160713
20170713
20070813
20080813
20090813
20100813
20120813
20130813
20140813
20150813
20170813
20190813
20070913
20090913
20100913
20110913
20120913
20130913
20150913
20160913
20170913
20190913
20081013
20091013
20101013
20111013
20131013
20141013
20151013
20161013
20171013
20191013
20201013
20071113
20081113
20091113
20111113
20121113
20131113
20141113
20151113
20161113
20171113
20191113
20071213
20091213
20101213
20111213
20121213
20131213
20151213
20161213
20171213
20181213
20191213
20080114
20090114
20100114
20110114
20130114
20140114
20150114
20160114
20180114
20190114
20200114
20080214
20100214
20110214
20120214
20130214
20140214
20160214
20170214
20180214
20190214
20200214
20080314
20100314
20110314
20120314
20130314
20140314
20160314
20170314
20180314
20190314
20080414
20090414
20100414
20110414
20130414
20140414
20150414
20160414
20170414
20190414
20080514
20090514
20100514
20120514
20130514
20140514
20150514
20170514
20180514
20190514
20090614
20100614
20110614
20120614
20130614
20150614
20160614
20170614
20190614
20080714
20090714
20100714
20110714
20130714
20140714
20150714
20160714
20170714
20190714
20200714
20070814
20080814
20090814
20110814
20120814
20130814
20140814
20150814
20160814
20170814
20190814
20070914
20080914
20090914
20100914
20110914
20120914
20140914
20150914
20160914
20170914
20071014
20081014
20091014
20101014
20111014
20121014
20131014
20141014
20151014
20161014
20191014
20201014
20071114
20081114
20101114
20111114
20121114
20131114
20141114
20161114
20171114
20191114
20071214
20081214
20091214
20101214
20111214
20121214
20141214
20151214
20161214
20171214
20181214
20080115
20090115
20100115
20120115
20130115
20140115
20150115
20160115
20170115
20180115
20190115
20200115
20080215
20090215
20100215
20110215
20120215
20130215
20150215
20160215
20170215
20180215
20190215
20090315
20100315
20110315
20120315
20130315
20150315
20160315
20170315
20180315
20190315
20080415
20090415
20100415
20110415
20120415
20130415
20140415
20150415
20160415
20180415
20190415
20080515
20090515
20110515
20120515
20130515
20140515
20150515
20160515
20170515
20180515
20190515
20080615
20090615
20100615
20110615
20120615
20140615
20150615
20160615
20170615
20080715
20090715
20100715
20110715
20120715
20130715
20140715
20150715
20160715
20190715
20200715
20070815
20080815
20100815
20110815
20120815
20130815
20140815
20160815
20170815
20190815
20080915
20090915
20100915
20110915
20130915
20140915
20150915
20160915
20170915
20190915
20200915
20071015
20081015
20091015
20101015
20121015
20131015
20141015
20151015
20171015
20191015
20071115
20091115
20101115
20111115
20121115
20131115
20151115
20161115
20171115
20191115
20081215
20091215
20101215
20111215
20131215
20141215
20151215
20161215
20171215
20191215
20201215
20080116
20090116
20110116
20120116
20130116
20140116
20150116
20170116
20180116
20190116
20200116
20090216
20100216
20110216
20120216
20140216
20150216
20160216
20170216
20180216
20210216
20080316
20090316
20100316
20110316
20120316
20140316
20150316
20160316
20170316
20180316
20210316
20080416
20090416
20100416
20120416
20130416
20140416
20150416
20170416
20180416
20190416
20080516
20100516
20110516
20120516
20130516
20140516
20160516
20170516
20180516
20190516
20080616
20090616
20100616
20110616
20130616
20140616
20150616
20160616
20170616
20190616
20200616
20080716
20090716
20100716
20120716
20130716
20140716
20150716
20170716
20190716
20070816
20090816
20100816
20110816
20120816
20130816
20150816
20160816
20170816
20190816
20070916
20080916
20090916
20100916
20110916
20120916
20130916
20140916
20150916
20160916
20190916
20200916
20071016
20081016
20091016
20111016
20121016
20131016
20141016
20151016
20161016
20171016
20191016
20071116
20081116
20091116
20101116
20111116
20121116
20141116
20151116
20161116
20171116
20071216
20081216
20091216
20101216
20111216
20121216
20131216
20141216
20151216
20161216
20181216
20191216
20201216
20080117
20100117
20110117
20120117
20130117
20140117
20160117
20170117
20180117
20190117
20200117
20080217
20090217
20100217
20110217
20120217
20130217
20140217
20150217
20160217
20170217
20190217
20210217
20080317
20090317
20100317
20110317
20130317
20140317
20150317
20160317
20170317
20190317
20210317
20080417
20090417
20110417
20120417
20130417
20140417
20150417
20160417
20170417
20180417
20190417
20200417
20090517
20100517
20110517
20120517
20130517
20150517
20160517
20170517
20180517
20190517
20080617
20090617
20100617
20110617
20120617
20130617
20140617
20150617
20160617
20190617
20200617
20080717
20090717
20110717
20120717
20130717
20140717
20150717
20160717
20170717
20190717
20070817
20080817
20090817
20100817
20110817
20120817
20140817
20150817
20160817
20170817
20070917
20080917
20090917
20100917
20120917
20130917
20140917
20150917
20170917
20190917
20071017
20081017
20101017
20111017
20121017
20131017
20141017
20161017
20171017
20191017
20081117
20091117
20101117
20111117
20131117
20141117
20151117
20161117
20171117
20191117
20201117
20071217
20081217
20091217
20101217
20121217
20131217
20141217
20151217
20171217
20181217
20191217
20080118
20090118
20100118
20110118
20120118
20130118
20150118
20160118
20170118
20180118
20190118
20080218
20090218
20100218
20110218
20130218
20140218
20150218
20160218
20180218
20190218
20200218
20080318
20090318
20100318
20110318
20120318
20130318
20140318
20150318
20160318
20180318
20190318
20080418
20100418
20110418
20120418
20130418
20140418
20160418
20170418
20180418
20190418
20200418
20080518
20090518
20100518
20110518
20120518
20140518
20150518
20160518
20170518
20180518
20080618
20090618
20100618
20120618
20130618
20140618
20150618
20170618
20190618
20080718
20100718
20110718
20120718
20130718
20140718
20160718
20170718
20190718
20080818
20090818
20100818
20110818
20130818
20140818
20150818
20160818
20170818
20190818
20200818
20070918
20080918
20090918
20110918
20120918
20130918
20140918
20150918
20160918
20170918
20190918
20071018
20091018
20101018
20111018
20121018
20131018
20151018
20161018
20171018
20191018
20071118
20081118
20091118
20101118
20111118
20121118
20131118
20141118
20151118
20161118
20191118
20201118
20071218
20081218
20091218
20111218
20121218
20131218
20141218
20151218
20161218
20171218
20181218
20191218
20090119
20100119
20110119
20120119
20140119
20150119
20160119
20170119
20180119
20200119
20210119
20080219
20090219
20100219
20120219
20130219
20140219
20150219
20160219
20170219
20180219
20190219
20200219
20080319
20090319
20100319
20120319
20130319
20140319
20150319
20170319
20180319
20190319
20090419
20100419
20110419
20120419
20130419
20150419
20160419
20170419
20180419
20190419
20080519
20090519
20100519
20110519
20130519
20140519
20150519
20160519
20170519
20190519
20080619
20090619
20110619
20120619
20130619
20140619
20150619
20160619
20170619
20190619
20090719
20100719
20110719
20120719
20130719
20150719
20160719
20170719
20190719
20070819
20080819
20090819
20100819
20110819
20120819
20130819
20140819
20150819
20160819
20190819
20200819
20070919
20080919
20100919
20110919
20120919
20130919
20140919
20160919
20170919
20190919
20071019
20081019
20091019
20101019
20111019
20121019
20141019
20151019
20161019
20171019
20071119
20081119
20091119
20101119
20121119
20131119
20141119
20151119
20171119
20191119
20071219
20081219
20101219
20111219
20121219
20131219
20141219
20161219
20171219
20181219
20191219
20080120
20090120
20100120
20110120
20120120
20130120
20140120
20150120
20160120
20170120
20190120
20200120
20210120
20080220
20090220
20110220
20120220
20130220
20140220
20150220
20170220
20180220
20190220
20200220
20080320
20090320
20110320
20120320
20130320
20140320
20150320
20160320
20170320
20180320
20190320
20080420
20090420
20100420
20110420
20120420
20140420
20150420
20160420
20170420
20180420
20080520
20090520
20100520
20110520
20120520
20130520
20140520
20150520
20160520
20180520
20190520
20080620
20100620
20110620
20120620
20130620
20140620
20160620
20170620
20190620
20080720
20090720
20100720
20110720
20120720
20140720
20150720
20160720
20170720
20070820
20080820
20090820
20100820
20120820
20130820
20140820
20150820
20170820
20190820
20070920
20090920
20100920
20110920
20120920
20130920
20150920
20160920
20170920
20190920
20081020
20091020
20101020
20111020
20131020
20141020
20151020
20161020
20171020
20191020
20201020
20071120
20081120
20091120
20111120
20121120
20131120
20141120
20151120
20161120
20171120
20181120
20191120
20071220
20091220
20101220
20111220
20121220
20131220
20151220
20161220
20171220
20181220
20191220
20080121
20090121
20100121
20110121
20130121
20140121
20150121
20160121
20180121
20190121
20200121
20080221
20100221
20110221
20120221
20130221
20140221
20160221
20170221
20180221
20190221
20200221
20080321
20100321
20110321
20120321
20130321
20140321
20160321
20170321
20180321
20190321
20200321
20080421
20090421
20100421
20110421
20130421
20140421
20150421
20160421
20170421
20190421
20200421
20080521
20090521
20100521
20120521
20130521
20140521
20150521
20170521
20180521
20190521
20200521
20090621
20100621
20110621
20120621
20130621
20150621
20160621
20170621
20190621
20080721
20090721
20100721
20110721
20130721
20140721
20150721
20160721
20170721
20190721
20200721
20070821
20080821
20090821
20110821
20120821
20130821
20140821
20150821
20160821
20170821
20190821
20070921
20080921
20090921
20100921
20110921
20120921
20140921
20150921
20160921
20170921
20071021
20081021
20091021
20101021
20111021
20121021
20131021
20141021
20151021
20161021
20191021
20201021
20071121
20081121
20101121
20111121
20121121
20131121
20141121
20161121
20171121
20181121
20191121
20071221
20081221
20091221
20101221
20111221
20121221
20141221
20151221
20161221
20171221
20181221
20080122
20090122
20100122
20120122
20130122
20140122
20150122
20160122
20170122
20180122
20190122
20200122
20080222
20090222
20100222
20110222
20120222
20130222
20150222
20160222
20170222
20180222
20190222
20090322
20100322
20110322
20120322
20130322
20150322
20160322
20170322
20180322
20190322
20200322
20080422
20090422
20100422
20110422
20120422
20130422
20140422
20150422
20160422
20180422
20190422
20200422
20080522
20090522
20110522
20120522
20130522
20140522
20150522
20160522
20170522
20180522
20190522
20200522
20080622
20090622
20100622
20110622
20120622
20140622
20150622
20160622
20170622
20080722
20090722
20100722
20110722
20120722
20130722
20140722
20150722
20160722
20190722
20200722
20070822
20080822
20100822
20110822
20120822
20130822
20140822
20160822
20170822
20190822
20080922
20090922
20100922
20110922
20130922
20140922
20150922
20160922
20170922
20190922
20200922
20071022
20081022
20091022
20101022
20121022
20131022
20141022
20151022
20171022
20191022
20071122
20091122
20101122
20111122
20121122
20131122
20151122
20161122
20171122
20191122
20081222
20091222
20101222
20111222
20131222
20141222
20151222
20161222
20171222
20191222
20201222
20080123
20090123
20110123
20120123
20130123
20140123
20150123
20170123
20180123
20190123
20200123
20090223
20100223
20110223
20120223
20140223
20150223
20160223
20170223
20180223
20200223
20210223
20080323
20090323
20100323
20110323
20120323
20140323
20150323
20160323
20170323
20180323
20210323
20080423
20090423
20100423
20120423
20130423
20140423
20150423
20170423
20180423
20190423
20080523
20100523
20110523
20120523
20130523
20140523
20160523
20170523
20180523
20190523
20080623
20090623
20100623
20110623
20130623
20140623
20150623
20160623
20170623
20190623
20200623
20080723
20090723
20100723
20120723
20130723
20140723
20150723
20170723
20190723
20070823
20090823
20100823
20110823
20120823
20130823
20150823
20160823
20170823
20190823
20070923
20080923
20090923
20100923
20110923
20120923
20130923
20140923
20150923
20160923
20190923
20200923
20071023
20081023
20091023
20111023
20121023
20131023
20141023
20151023
20161023
20171023
20191023
20071123
20081123
20091123
20101123
20111123
20121123
20141123
20151123
20161123
20171123
20071223
20081223
20091223
20101223
20111223
20121223
20131223
20141223
20151223
20161223
20181223
20191223
20201223
20080124
20100124
20110124
20120124
20130124
20140124
20160124
20170124
20180124
20190124
20200124
20080224
20090224
20100224
20110224
20120224
20130224
20140224
20150224
20160224
20170224
20190224
20200224
20210224
20080324
20090324
20100324
20110324
20130324
20140324
20150324
20160324
20170324
20190324
20210324
20080424
20090424
20110424
20120424
20130424
20140424
20150424
20160424
20170424
20180424
20190424
20090524
20100524
20110524
20120524
20130524
20150524
20160524
20170524
20180524
20190524
20080624
20090624
20100624
20110624
20120624
20130624
20140624
20150624
20160624
20190624
20200624
20080724
20090724
20110724
20120724
20130724
20140724
20150724
20160724
20170724
20190724
20070824
20080824
20090824
20100824
20110824
20120824
20140824
20150824
20160824
20170824
20070924
20080924
20090924
20100924
20120924
20130924
20140924
20150924
20170924
20190924
20071024
20081024
20101024
20111024
20121024
20131024
20141024
20161024
20171024
20191024
20081124
20091124
20101124
20111124
20131124
20141124
20151124
20161124
20171124
20191124
20201124
20071224
20081224
20091224
20101224
20121224
20131224
20141224
20151224
20171224
20181224
20191224
20080125
20090125
20100125
20110125
20120125
20130125
20150125
20160125
20170125
20180125
20190125
20080225
20090225
20100225
20110225
20130225
20140225
20150225
20160225
20180225
20190225
20080325
20090325
20100325
20110325
20120325
20130325
20140325
20150325
20160325
20180325
20190325
20080425
20100425
20110425
20120425
20130425
20140425
20160425
20170425
20180425
20190425
20080525
20090525
20100525
20110525
20120525
20140525
20150525
20160525
20170525
20180525
20080625
20090625
20100625
20120625
20130625
20140625
20150625
20170625
20190625
20080725
20100725
20110725
20120725
20130725
20140725
20160725
20170725
20190725
20080825
20090825
20100825
20110825
20130825
20140825
20150825
20160825
20170825
20190825
20200825
20070925
20080925
20090925
20110925
20120925
20130925
20140925
20150925
20160925
20170925
20190925
20071025
20091025
20101025
20111025
20121025
20131025
20151025
20161025
20171025
20191025
20071125
20081125
20091125
20101125
20111125
20121125
20131125
20141125
20151125
20161125
20191125
20201125
20071225
20081225
20091225
20111225
20121225
20131225
20141225
20151225
20161225
20171225
20181225
20191225
20090126
20100126
20110126
20120126
20140126
20150126
20160126
20170126
20180126
20200126
20210126
20080226
20090226
20100226
20120226
20130226
20140226
20150226
20160226
20170226
20180226
20190226
20080326
20090326
20100326
20120326
20130326
20140326
20150326
20170326
20180326
20090426
20100426
20110426
20120426
20130426
20150426
20160426
20170426
20180426
20190426
20080526
20090526
20100526
20110526
20130526
20140526
20150526
20160526
20170526
20190526
20080626
20090626
20110626
20120626
20130626
20140626
20150626
20160626
20170626
20180626
20190626
20090726
20100726
20110726
20120726
20130726
20150726
20160726
20170726
20190726
20070826
20080826
20090826
20100826
20110826
20120826
20130826
20140826
20150826
20160826
20190826
20200826
20070926
20080926
20100926
20110926
20120926
20130926
20140926
20160926
20170926
20190926
20071026
20081026
20091026
20101026
20111026
20121026
20141026
20151026
20161026
20171026
20071126
20081126
20091126
20101126
20121126
20131126
20141126
20151126
20171126
20191126
20071226
20081226
20101226
20111226
20121226
20131226
20141226
20161226
20171226
20181226
20191226
20080127
20090127
20100127
20110127
20120127
20130127
20140127
20150127
20160127
20170127
20190127
20200127
20210127
20080227
20090227
20110227
20120227
20130227
20140227
20150227
20170227
20180227
20190227
20200227
20080327
20090327
20110327
20120327
20130327
20140327
20150327
20160327
20170327
20180327
20080427
20090427
20100427
20110427
20120427
20140427
20150427
20160427
20170427
20180427
20080527
20090527
20100527
20110527
20120527
20130527
20140527
20150527
20160527
20180527
20190527
20080627
20100627
20110627
20120627
20130627
20140627
20160627
20170627
20180627
20190627
20080727
20090727
20100727
20110727
20120727
20140727
20150727
20160727
20170727
20070827
20080827
20090827
20100827
20120827
20130827
20140827
20150827
20170827
20190827
20070927
20090927
20100927
20110927
20120927
20130927
20150927
20160927
20170927
20190927
20081027
20091027
20101027
20111027
20131027
20141027
20151027
20161027
20171027
20191027
20201027
20071127
20081127
20091127
20111127
20121127
20131127
20141127
20151127
20161127
20171127
20191127
20071227
20091227
20101227
20111227
20121227
20131227
20151227
20161227
20171227
20191227
20080128
20090128
20100128
20110128
20130128
20140128
20150128
20160128
20180128
20190128
20200128
20080228
20100228
20110228
20120228
20130228
20140228
20160228
20170228
20180228
20190228
20200228
20080328
20100328
20110328
20120328
20130328
20140328
20160328
20170328
20180328
20190328
20200328
20080428
20090428
20100428
20110428
20130428
20140428
20150428
20160428
20170428
20190428
20080528
20090528
20100528
20120528
20130528
20140528
20150528
20170528
20180528
20190528
20200528
20090628
20100628
20110628
20120628
20130628
20150628
20160628
20170628
20190628
20080728
20090728
20100728
20110728
20130728
20140728
20150728
20160728
20170728
20190728
20200728
20070828
20080828
20090828
20110828
20120828
20130828
20140828
20150828
20160828
20170828
20190828
20070928
20080928
20090928
20100928
20110928
20120928
20140928
20150928
20160928
20170928
20071028
20081028
20091028
20101028
20111028
20121028
20131028
20141028
20151028
20161028
20191028
20201028
20071128
20081128
20101128
20111128
20121128
20131128
20141128
20161128
20171128
20191128
20071228
20081228
20091228
20101228
20111228
20121228
20141228
20151228
20161228
20171228
20080129
20090129
20100129
20120129
20130129
20140129
20150129
20160129
20170129
20180129
20190129
20200129
20080229
20090229
20100229
20110229
20120229
20130229
20150229
20160229
20170229
20180229
20190229
20090329
20100329
20110329
20120329
20130329
20150329
20160329
20170329
20180329
20190329
20200329
20080429
20090429
20100429
20110429
20120429
20130429
20140429
20150429
20160429
20180429
20190429
20080529
20090529
20110529
20120529
20130529
20140529
20150529
20160529
20170529
20180529
20190529
20200529
20080629
20090629
20100629
20110629
20120629
20140629
20150629
20160629
20170629
20080729
20090729
20100729
20110729
20120729
20130729
20140729
20150729
20160729
20190729
20200729
20070829
20080829
20100829
20110829
20120829
20130829
20140829
20160829
20170829
20190829
20080929
20090929
20100929
20110929
20130929
20140929
20150929
20160929
20170929
20190929
20200929
20071029
20081029
20091029
20101029
20121029
20131029
20141029
20151029
20171029
20191029
20071129
20091129
20101129
20111129
20121129
20131129
20151129
20161129
20171129
20191129
20081229
20091229
20101229
20111229
20131229
20141229
20151229
20161229
20171229
20191229
20201229
20080130
20090130
20110130
20120130
20130130
20140130
20150130
20170130
20180130
20190130
20200130
20090230
20100230
20110230
20120230
20140230
20150230
20160230
20170230
20180230
20210230
20080330
20090330
20100330
20110330
20120330
20140330
20150330
20160330
20170330
20180330
20080430
20090430
20100430
20120430
20130430
20140430
20150430
20170430
20180430
20190430
20080530
20100530
20110530
20120530
20130530
20140530
20160530
20170530
20180530
20190530
20080630
20090630
20100630
20110630
20130630
20140630
20150630
20160630
20170630
20190630
20200630
20080730
20090730
20100730
20120730
20130730
20140730
20150730
20170730
20190730
20070830
20090830
20100830
20110830
20120830
20130830
20150830
20160830
20170830
20190830
20070930
20080930
20090930
20100930
20110930
20120930
20130930
20140930
20150930
20160930
20190930
20200930
20081030
20091030
20111030
20121030
20131030
20141030
20151030
20161030
20171030
20191030
20071130
20081130
20091130
20101130
20111130
20121130
20141130
20151130
20161130
20171130
20071230
20081230
20091230
20101230
20111230
20121230
20131230
20141230
20151230
20161230
20181230
20191230
20201230
20080131
20100131
20110131
20120131
20130131
20140131
20160131
20170131
20180131
20190131
20200131
20080231
20090231
20100231
20110231
20120231
20130231
20140231
20150231
20160231
20170231
20190231
20210231
20080331
20090331
20100331
20110331
20130331
20140331
20150331
20160331
20170331
20190331
20080431
20090431
20110431
20120431
20130431
20140431
20150431
20160431
20170431
20180431
20190431
20200431
20090531
20100531
20110531
20120531
20130531
20150531
20160531
20170531
20180531
20190531
20080631
20090631
20100631
20110631
20120631
20130631
20140631
20150631
20160631
20190631
20200631
20070731
20080731
20090731
20110731
20120731
20130731
20140731
20150731
20160731
20170731
20190731
20070831
20080831
20090831
20100831
20110831
20120831
20140831
20150831
20160831
20170831
20070931
20080931
20090931
20100931
20120931
20130931
20140931
20150931
20170931
20190931
20081031
20101031
20111031
20121031
20131031
20141031
20161031
20171031
20081131
20091131
20101131
20111131
20131131
20141131
20151131
20161131
20171131
20191131
20201131
20071231
20081231
20091231
20101231
20121231
20131231
20141231
20151231
20171231
20181231
